/Users/yutongye/PycharmProjects/pythonProject1/.venv/bin/python /Users/yutongye/PycharmProjects/pythonProject1/Assignment08.py
Graph read from file Graph1.txt
[[0 1 1 1 0 0]
 [1 0 1 0 0 0]
 [0 1 0 1 1 1]
 [1 1 1 0 0 0]
 [1 1 1 1 0 1]
 [1 1 1 1 1 0]]
0 --> [1, 2, 3]
1 --> [0, 2]
2 --> [1, 3, 4, 5]
3 --> [0, 1, 2]
4 --> [0, 1, 2, 3, 5]
5 --> [0, 1, 2, 3, 4]
[(0, 1), (0, 2), (0, 3), (1, 0), (1, 2), (2, 1), (2, 3), (2, 4), (2, 5), (3, 0), (3, 1), (3, 2), (4, 0), (4, 1), (4, 2), (4, 3), (4, 5), (5, 0), (5, 1), (5, 2), (5, 3), (5, 4)]
[[1 1 1 1 0 0 0 0 0 1 0 0 1 0 0 0 0 1 0 0 0 0]
 [1 0 0 1 1 1 0 0 0 0 1 0 0 1 0 0 0 0 1 0 0 0]
 [0 1 0 0 1 1 1 1 1 0 0 1 0 0 1 0 0 0 0 1 0 0]
 [0 0 1 0 0 0 1 0 0 1 1 1 0 0 0 1 0 0 0 0 1 0]
 [0 0 0 0 0 0 0 1 0 0 0 0 1 1 1 1 1 0 0 0 0 1]
 [0 0 0 0 0 0 0 0 1 0 0 0 0 0 0 0 1 1 1 1 1 1]]
Relationship Properties of the Graph
+-----------------+-------+
|    Property     | Value |
+=================+=======+
| reflexive       | False |
+-----------------+-------+
| anti_reflexive  | True  |
+-----------------+-------+
| irreflexive     | False |
+-----------------+-------+
| symmetric       | False |
+-----------------+-------+
| asymmetric      | False |
+-----------------+-------+
| anti_asymmetric | False |
+-----------------+-------+
| transitive      | False |
+-----------------+-------+
| intransitive    | True  |
+-----------------+-------+
| anti_transitive | False |
+-----------------+-------+
Vertex Properties of the Graph
+--------+----------+-----------+-----------------+
| Vertex | Indegree | Outdegree |  Neighborhood   |
+========+==========+===========+=================+
|   0    |    4     |     3     |    [1, 2, 3]    |
+--------+----------+-----------+-----------------+
|   1    |    5     |     2     |     [0, 2]      |
+--------+----------+-----------+-----------------+
|   2    |    5     |     4     |  [1, 3, 4, 5]   |
+--------+----------+-----------+-----------------+
|   3    |    4     |     3     |    [0, 1, 2]    |
+--------+----------+-----------+-----------------+
|   4    |    2     |     5     | [0, 1, 2, 3, 5] |
+--------+----------+-----------+-----------------+
|   5    |    2     |     5     | [0, 1, 2, 3, 4] |
+--------+----------+-----------+-----------------+

/Users/yutongye/PycharmProjects/pythonProject1/Assignment08.py:104: UserWarning:

The arrowsize keyword argument is not applicable when drawing edges
with LineCollection.

To make this warning go away, either specify `arrows=True` to
force FancyArrowPatches or use the default values.
Note that using FancyArrowPatches may be slow for large graphs.

  nx.draw_networkx_edges(G, pos, edgelist=edges, edge_color='r', arrows=directed, arrowsize=20)
Random graph with n=6, sym=False, p=0.5
[[0 0 0 0 1 0]
 [1 0 1 1 1 1]
 [1 1 0 0 0 1]
 [1 0 0 0 1 1]
 [1 1 0 1 0 1]
 [1 0 0 0 1 0]]
0 --> [4]
1 --> [0, 2, 3, 4, 5]
2 --> [0, 1, 5]
3 --> [0, 4, 5]
4 --> [0, 1, 3, 5]
5 --> [0, 4]
[(0, 4), (1, 0), (1, 2), (1, 3), (1, 4), (1, 5), (2, 0), (2, 1), (2, 5), (3, 0), (3, 4), (3, 5), (4, 0), (4, 1), (4, 3), (4, 5), (5, 0), (5, 4)]
[[1 1 0 0 0 0 1 0 0 1 0 0 1 0 0 0 1 0]
 [0 1 1 1 1 1 0 1 0 0 0 0 0 1 0 0 0 0]
 [0 0 1 0 0 0 1 1 1 0 0 0 0 0 0 0 0 0]
 [0 0 0 1 0 0 0 0 0 1 1 1 0 0 1 0 0 0]
 [1 0 0 0 1 0 0 0 0 0 1 0 1 1 1 1 0 1]
 [0 0 0 0 0 1 0 0 1 0 0 1 0 0 0 1 1 1]]
Relationship Properties of the Graph
+-----------------+-------+
|    Property     | Value |
+=================+=======+
| reflexive       | False |
+-----------------+-------+
| anti_reflexive  | True  |
+-----------------+-------+
| irreflexive     | False |
+-----------------+-------+
| symmetric       | False |
+-----------------+-------+
| asymmetric      | False |
+-----------------+-------+
| anti_asymmetric | False |
+-----------------+-------+
| transitive      | False |
+-----------------+-------+
| intransitive    | True  |
+-----------------+-------+
| anti_transitive | False |
+-----------------+-------+
Vertex Properties of the Graph
+--------+----------+-----------+-----------------+
| Vertex | Indegree | Outdegree |  Neighborhood   |
+========+==========+===========+=================+
|   0    |    5     |     1     |       [4]       |
+--------+----------+-----------+-----------------+
|   1    |    2     |     5     | [0, 2, 3, 4, 5] |
+--------+----------+-----------+-----------------+
|   2    |    1     |     3     |    [0, 1, 5]    |
+--------+----------+-----------+-----------------+
|   3    |    2     |     3     |    [0, 4, 5]    |
+--------+----------+-----------+-----------------+
|   4    |    4     |     4     |  [0, 1, 3, 5]   |
+--------+----------+-----------+-----------------+
|   5    |    4     |     2     |     [0, 4]      |
+--------+----------+-----------+-----------------+

Random graph with n=6, sym=True, p=0.5
[[0 1 0 0 0 0]
 [1 0 0 1 0 0]
 [0 0 0 0 0 0]
 [0 1 0 0 1 0]
 [0 0 0 1 0 1]
 [0 0 0 0 1 0]]
0 --> [1]
1 --> [0, 3]
2 --> []
3 --> [1, 4]
4 --> [3, 5]
5 --> [4]
[(0, 1), (1, 0), (1, 3), (3, 1), (3, 4), (4, 3), (4, 5), (5, 4)]
[[1 1 0 0 0 0 0 0]
 [1 1 1 1 0 0 0 0]
 [0 0 0 0 0 0 0 0]
 [0 0 1 1 1 1 0 0]
 [0 0 0 0 1 1 1 1]
 [0 0 0 0 0 0 1 1]]
Relationship Properties of the Graph
+-----------------+-------+
|    Property     | Value |
+=================+=======+
| reflexive       | False |
+-----------------+-------+
| anti_reflexive  | True  |
+-----------------+-------+
| irreflexive     | False |
+-----------------+-------+
| symmetric       | True  |
+-----------------+-------+
| asymmetric      | False |
+-----------------+-------+
| anti_asymmetric | False |
+-----------------+-------+
| transitive      | False |
+-----------------+-------+
| intransitive    | True  |
+-----------------+-------+
| anti_transitive | True  |
+-----------------+-------+
Vertex Properties of the Graph
+--------+----------+-----------+--------------+
| Vertex | Indegree | Outdegree | Neighborhood |
+========+==========+===========+==============+
|   0    |    1     |     1     |     [1]      |
+--------+----------+-----------+--------------+
|   1    |    2     |     2     |    [0, 3]    |
+--------+----------+-----------+--------------+
|   2    |    0     |     0     |      []      |
+--------+----------+-----------+--------------+
|   3    |    2     |     2     |    [1, 4]    |
+--------+----------+-----------+--------------+
|   4    |    2     |     2     |    [3, 5]    |
+--------+----------+-----------+--------------+
|   5    |    1     |     1     |     [4]      |
+--------+----------+-----------+--------------+

Completed Graph of size 6
[[0 1 1 1 1 1]
 [1 0 1 1 1 1]
 [1 1 0 1 1 1]
 [1 1 1 0 1 1]
 [1 1 1 1 0 1]
 [1 1 1 1 1 0]]
0 --> [1, 2, 3, 4, 5]
1 --> [0, 2, 3, 4, 5]
2 --> [0, 1, 3, 4, 5]
3 --> [0, 1, 2, 4, 5]
4 --> [0, 1, 2, 3, 5]
5 --> [0, 1, 2, 3, 4]
[(0, 1), (0, 2), (0, 3), (0, 4), (0, 5), (1, 0), (1, 2), (1, 3), (1, 4), (1, 5), (2, 0), (2, 1), (2, 3), (2, 4), (2, 5), (3, 0), (3, 1), (3, 2), (3, 4), (3, 5), (4, 0), (4, 1), (4, 2), (4, 3), (4, 5), (5, 0), (5, 1), (5, 2), (5, 3), (5, 4)]
[[1 1 1 1 1 1 0 0 0 0 1 0 0 0 0 1 0 0 0 0 1 0 0 0 0 1 0 0 0 0]
 [1 0 0 0 0 1 1 1 1 1 0 1 0 0 0 0 1 0 0 0 0 1 0 0 0 0 1 0 0 0]
 [0 1 0 0 0 0 1 0 0 0 1 1 1 1 1 0 0 1 0 0 0 0 1 0 0 0 0 1 0 0]
 [0 0 1 0 0 0 0 1 0 0 0 0 1 0 0 1 1 1 1 1 0 0 0 1 0 0 0 0 1 0]
 [0 0 0 1 0 0 0 0 1 0 0 0 0 1 0 0 0 0 1 0 1 1 1 1 1 0 0 0 0 1]
 [0 0 0 0 1 0 0 0 0 1 0 0 0 0 1 0 0 0 0 1 0 0 0 0 1 1 1 1 1 1]]
Relationship Properties of the Graph
+-----------------+-------+
|    Property     | Value |
+=================+=======+
| reflexive       | False |
+-----------------+-------+
| anti_reflexive  | True  |
+-----------------+-------+
| irreflexive     | False |
+-----------------+-------+
| symmetric       | True  |
+-----------------+-------+
| asymmetric      | False |
+-----------------+-------+
| anti_asymmetric | False |
+-----------------+-------+
| transitive      | False |
+-----------------+-------+
| intransitive    | True  |
+-----------------+-------+
| anti_transitive | False |
+-----------------+-------+
Vertex Properties of the Graph
+--------+----------+-----------+-----------------+
| Vertex | Indegree | Outdegree |  Neighborhood   |
+========+==========+===========+=================+
|   0    |    5     |     5     | [1, 2, 3, 4, 5] |
+--------+----------+-----------+-----------------+
|   1    |    5     |     5     | [0, 2, 3, 4, 5] |
+--------+----------+-----------+-----------------+
|   2    |    5     |     5     | [0, 1, 3, 4, 5] |
+--------+----------+-----------+-----------------+
|   3    |    5     |     5     | [0, 1, 2, 4, 5] |
+--------+----------+-----------+-----------------+
|   4    |    5     |     5     | [0, 1, 2, 3, 5] |
+--------+----------+-----------+-----------------+
|   5    |    5     |     5     | [0, 1, 2, 3, 4] |
+--------+----------+-----------+-----------------+


Process finished with exit code 0
