/Users/yutongye/PycharmProjects/pythonProject1/.venv/bin/python /Users/yutongye/PycharmProjects/pythonProject1/Assignment09.py
[1, 11, 5, 16, 17, 12, 18, 7, 14, 9, 2, 19, 6, 10, 8, 20, 13, 3, 4, 15]
Tree Properties
+---------------+-------------------------------------------------------------------------+
|   Property    |                                  Value                                  |
+===============+=========================================================================+
| height        | 6                                                                       |
+---------------+-------------------------------------------------------------------------+
| num_keys      | 20                                                                      |
+---------------+-------------------------------------------------------------------------+
| sum_keys      | 210                                                                     |
+---------------+-------------------------------------------------------------------------+
| root_node     | 1                                                                       |
+---------------+-------------------------------------------------------------------------+
| min_keys      | 1                                                                       |
+---------------+-------------------------------------------------------------------------+
| max_keys      | 2                                                                       |
+---------------+-------------------------------------------------------------------------+
| leaves        | [4, 6, 8, 10, 13, 15, 20]                                               |
+---------------+-------------------------------------------------------------------------+
| inorder       | [1, 2, 3, 4, 5, 6, 7, 8, 9, 10, 11, 12, 13, 14, 15, 16, 17, 18, 19, 20] |
+---------------+-------------------------------------------------------------------------+
| preorder      | [1, 11, 5, 2, 3, 4, 7, 6, 9, 8, 10, 16, 12, 14, 13, 15, 17, 18, 19, 20] |
+---------------+-------------------------------------------------------------------------+
| postorder     | [4, 3, 2, 6, 8, 10, 9, 7, 5, 13, 15, 14, 12, 20, 19, 18, 17, 16, 11, 1] |
+---------------+-------------------------------------------------------------------------+
| reverse_order | [20, 19, 18, 17, 16, 15, 14, 13, 12, 11, 10, 9, 8, 7, 6, 5, 4, 3, 2, 1] |
+---------------+-------------------------------------------------------------------------+
| level_order   | [1, 11, 5, 16, 2, 7, 12, 17, 3, 6, 9, 14, 18, 4, 8, 10, 13, 15, 19]     |
+---------------+-------------------------------------------------------------------------+

Process finished with exit code 0
